rural_018.jpg 95 41 162 103 5
rural_024.jpg 29 19 87 77 5
yield_084.jpg 444 179 723 407 6
1105146417.jpg 122 126 308 250 4
rural_030.jpg 149 40 223 117 5
yield_090.jpg 188 36 224 68 6
668658352.jpg 217 180 384 240 1
415907801.jpg 33 61 471 310 2
382274150.jpg 13 17 500 313 2
yield_047.jpg 138 37 168 72 6
city_076.jpg 58 6 135 82 5
city_062.jpg 34 9 163 132 5
739018690.jpg 5 55 476 346 2
729731425.jpg 234 180 276 213 3
yield_053.jpg 85 40 165 134 6
97080352.jpg 38 195 249 293 2 314 202 479 289 2
433466152.jpg 73 95 500 269 2
1192500283.jpg 106 114 454 350 1 34 115 88 157 1
1684614229.jpg 244 171 308 267 3
1418330221.jpg 119 75 344 227 3
677903011.jpg 65 121 376 322 2
714822924.jpg 102 19 499 373 2
yield_279.jpg 86 84 134 127 6
221560426.jpg 259 454 319 500 1
634263426.jpg 10 21 462 315 1
FudanPed00062.jpg 171 22 258 326 0 290 29 375 332 0
yield_245.jpg 196 57 254 111 6
yield_251.jpg 46 14 196 161 6
1342309021.jpg 40 4 346 483 4
PennPed00065.jpg 20 16 140 307 0
998364310.jpg 206 190 299 256 3 260 200 394 276 3
565464503.jpg 2 0 497 355 2
537715853.jpg 38 27 348 499 2
662451020.jpg 26 63 500 392 2
PennPed00071.jpg 40 12 174 358 0 292 39 389 305 0 471 23 567 305 0 566 49 610 179 0 598 7 718 318 0 706 48 745 176 0
PennPed00059.jpg 78 42 190 342 0 375 33 535 323 0
2104525847.jpg 384 143 500 260 4 324 271 500 366 4
821529678.jpg 98 77 345 325 3
427952871.jpg 48 44 474 330 3
1363794914.jpg 79 27 414 273 4
746027453.jpg 13 79 327 416 3 1 1 395 226 3
1204468928.jpg 58 66 490 300 3
69020950.jpg 1 0 499 374 4
016.jpg 199 80 215 97 5
714477016.jpg 75 45 376 363 2
002.jpg 61 20 183 148 5
754926646.jpg 121 162 492 320 2
yield_133.jpg 49 109 145 202 6
914727331.jpg 249 179 419 256 1
52409520.jpg 14 0 500 306 3
yield_127.jpg 89 71 153 135 6
1897254453.jpg 1 1 494 325 4
yield_126.jpg 18 8 220 181 6
yield_132.jpg 682 595 895 953 6
1028538085.jpg 4 273 195 374 4 225 297 386 375 4
243680682.jpg 30 65 463 325 1
1851113694.jpg 204 200 409 375 4 1 231 225 375 4
1493952936.jpg 5 1 372 500 4
003.jpg 32 26 186 200 5
017.jpg 146 16 201 79 5
1209392411.jpg 298 220 429 435 4
PennPed00058.jpg 166 22 245 321 0 227 26 310 294 0 294 21 374 275 0 317 64 455 353 0 2 38 28 110 0
457661344.jpg 0 4 330 500 3
726506728.jpg 3 0 500 365 2
617122697.jpg 225 125 398 198 1 112 81 186 119 1 1 81 42 113 1 105 61 168 88 1 180 27 219 45 1 244 31 276 49 1 141 20 177 36 1 218 22 234 40 1
PennPed00070.jpg 10 20 132 342 0 180 12 314 316 0
PennPed00064.jpg 32 41 73 112 0 97 44 141 102 0 223 22 331 312 0
yield_250.jpg 189 4 266 73 6
yield_244.jpg 53 161 113 219 6
FudanPed00063.jpg 21 37 115 340 0 125 32 192 226 0 157 42 264 335 0 223 32 278 154 0 309 50 329 100 0 294 51 304 74 0 303 49 313 76 0
yield_278.jpg 144 0 216 98 6
946282461.jpg 66 153 134 216 1
206982824.jpg 95 173 206 345 4
149441890.jpg 213 274 275 359 1 37 261 163 376 1 236 120 375 209 1 169 274 211 350 1
1978720112.jpg 198 137 500 366 3
city_063.jpg 14 2 94 115 5
yield_052.jpg 10 32 91 105 6
yield_046.jpg 48 17 219 170 6
city_077.jpg 52 106 131 191 5
442422488.jpg 178 164 463 342 3
149807041.jpg 68 168 176 253 4 173 178 270 257 4 287 177 368 254 4 374 179 458 252 4 1 171 65 262 4 471 177 500 247 4
yield_091.jpg 208 15 467 265 6
rural_031.jpg 175 34 221 81 5
yield_085.jpg 115 35 226 135 6
rural_025.jpg 86 50 104 74 5
1120831933.jpg 100 79 389 303 4
9243893.jpg 4 116 327 327 2 294 156 425 319 2 408 198 466 297 2
672550435.jpg 311 180 382 218 1
rural_019.jpg 166 10 203 48 5
308576740.jpg 1 18 499 375 4
rural_033.jpg 52 22 88 58 5
yield_093.jpg 444 297 668 491 6
628920856.jpg 2 1 497 304 2
12657288.jpg 1 0 500 302 2
rural_027.jpg 104 42 174 114 5
yield_087.jpg 18 68 112 156 6
307084601.jpg 24 3 497 344 4
city_049.jpg 201 98 255 154 5
yield_078.jpg 60 51 148 140 6
yield_050.jpg 29 18 119 121 6
499132131.jpg 256 24 480 285 2 6 12 256 281 2
city_061.jpg 195 4 245 45 5
city_075.jpg 50 9 105 75 5
yield_044.jpg 34 20 102 81 6
364247587.jpg 110 112 443 330 1
1242964248.jpg 1 111 100 174 1
141619720.jpg 34 48 454 353 2
196755161.jpg 360 156 403 178 1 483 161 500 178 1
99932369.jpg 85 144 478 305 2
FudanPed00061.jpg 159 75 216 359 0 191 62 269 356 0 341 75 422 387 0 425 85 510 387 0
yield_252.jpg 66 32 130 88 6
yield_246.jpg 24 28 42 50 6
FudanPed00049.jpg 124 114 212 415 0 208 102 320 399 0 317 98 432 401 0 392 122 446 254 0
5366318.jpg 224 81 391 188 1
503877476.jpg 31 68 833 446 2
PennPed00072.jpg 130 24 254 340 0 275 52 435 331 0
1354482433.jpg 51 74 346 443 3
PennPed00066.jpg 11 72 130 368 0 94 26 190 345 0 257 28 402 313 0
298412375.jpg 22 112 488 319 1
270424361.jpg 28 0 500 374 4
289338737.jpg 2 0 395 374 1
1278558780.jpg 153 0 500 330 4
845386688.jpg 97 192 187 245 3 177 207 273 248 3
1338542442.jpg 115 164 261 300 3
192008455.jpg 62 42 437 371 3
001.jpg 10 69 56 136 5
2053870019.jpg 126 216 165 287 3
286643536.jpg 44 81 435 311 2
198266838.jpg 19 72 426 341 2
2025774969.jpg 3 282 331 497 4
015.jpg 47 59 72 81 5
243047190.jpg 152 1 249 44 1
349166209.jpg 40 120 346 455 2
029.jpg 83 61 138 118 5
76667884.jpg 337 212 371 236 1 304 208 321 224 1
405448702.jpg 1 42 500 359 2
yield_124.jpg 13 36 54 74 6
921298130.jpg 462 256 500 313 4 256 269 309 300 4
yield_130.jpg 73 160 175 255 6
1642521718.jpg 131 110 307 409 3
511844723.jpg 249 298 336 346 2
yield_131.jpg 557 127 907 446 6
21526586.jpg 24 91 264 307 3
yield_119.jpg 407 79 501 167 6
028.jpg 226 22 267 64 5
528217292.jpg 99 126 325 204 1
014.jpg 103 893 696 1731 5
288061061.jpg 13 20 484 240 2
847721251.jpg 2 2 437 375 3
716824333.jpg 15 186 488 300 2
1695639229.jpg 121 97 472 333 4
23686481.jpg 353 112 412 143 1
719234163.jpg 1 86 386 291 1
848392614.jpg 351 220 415 275 1 271 209 299 231 1 237 212 263 230 1 192 220 205 236 1 95 101 103 111 1 149 143 160 156 1 121 73 128 83 1 167 61 177 67 1 186 61 194 67 1
1211096323.jpg 1 3 497 158 4
285318727.jpg 0 71 101 348 4 130 136 271 459 4 46 1 256 110 4
1124387390.jpg 312 61 375 113 1
416211918.jpg 83 117 439 260 1
405230144.jpg 12 51 442 374 2
PennPed00067.jpg 35 9 189 299 0 291 58 346 124 0
PennPed00073.jpg 86 35 200 328 0 183 43 277 344 0 317 47 415 332 0 256 176 333 299 0
6853020.jpg 287 90 467 332 2 200 220 263 301 2
yield_247.jpg 31 125 164 266 6
876767719.jpg 147 162 223 259 4
FudanPed00048.jpg 0 241 90 539 0 83 225 155 461 0 135 226 200 490 0 153 210 252 508 0 319 245 374 368 0 469 260 584 546 0 443 241 463 286 0 379 243 400 293 0
1558014048.jpg 4 5 500 391 4
1432627397.jpg 292 158 360 240 3
yield_253.jpg 60 127 112 169 6
FudanPed00074.jpg 44 49 127 355 0 176 57 259 346 0
FudanPed00060.jpg 186 139 296 435 0 288 128 383 426 0 389 142 500 426 0 197 125 209 154 0 215 127 233 161 0
705726603.jpg 1 0 154 324 2 123 13 263 317 2 251 76 323 300 2
754876305.jpg 187 95 356 270 2
188461385.jpg 95 97 432 307 3
120822477.jpg 36 101 334 339 2
851536311.jpg 7 0 390 128 1
city_074.jpg 45 13 194 131 5
266080514.jpg 44 81 488 305 2
653677226.jpg 212 109 249 136 1
yield_045.jpg 11 36 91 110 6
1688913061.jpg 33 102 341 433 4
yield_051.jpg 26 47 118 129 6
709372628.jpg 105 178 344 343 4
city_060.jpg 124 34 158 71 5
city_048.jpg 64 147 108 202 5
yield_079.jpg 25 81 93 143 6
1276867905.jpg 111 6 485 312 3
966746272.jpg 17 118 220 257 1 191 143 390 230 1 353 146 492 219 1
271647608.jpg 192 312 310 362 1 138 321 193 357 1 1 325 114 364 1
yield_086.jpg 547 111 623 203 6
rural_026.jpg 73 73 152 159 5
yield_092.jpg 218 35 464 257 6
1142317823.jpg 99 76 448 370 3
rural_032.jpg 244 20 261 34 5
305057584.jpg 27 44 479 360 4
1071604959.jpg 139 194 212 237 1 62 206 75 216 1 52 203 62 213 1
1900145620.jpg 27 40 471 301 3
405556.jpg 50 143 321 442 2
375203456.jpg 22 96 469 332 2
rural_036.jpg 146 20 204 132 5
yield_096.jpg 45 3 292 219 6
rural_022.jpg 210 59 235 84 5
735392601.jpg 23 108 458 341 2
yield_082.jpg 662 1572 1013 1872 6
455320342.jpg 29 20 472 318 2
city_064.jpg 152 8 240 93 5
yield_055.jpg 49 37 94 102 6
814014906.jpg 297 272 317 284 1 338 272 354 285 1
yield_041.jpg 18 7 168 130 6
823568488.jpg 25 11 434 375 4
305374478.jpg 144 147 464 215 2
city_070.jpg 78 21 189 137 5
city_058.jpg 67 28 121 80 5
yield_069.jpg 30 47 47 64 6
847857645.jpg 34 3 489 332 1
553389393.jpg 185 136 286 222 4
yield_280.jpg 110 71 166 119 6
yield_257.jpg 10 106 143 248 6
851396313.jpg 0 304 47 334 1 3 307 257 390 1
64304708.jpg 19 81 382 197 1
FudanPed00058.jpg 38 117 69 216 0 142 85 265 468 0 284 95 343 286 0 349 90 408 280 0 419 123 448 186 0 457 122 476 175 0 473 130 491 188 0 487 117 518 194 0
yield_243.jpg 78 107 125 160 6
FudanPed00064.jpg 138 92 240 390 0 311 96 401 399 0 399 110 519 410 0
FudanPed00070.jpg 284 65 366 370 0
445525623.jpg 275 159 345 223 3
388430689.jpg 1 122 500 332 3
PennPed00077.jpg 61 24 176 313 0 182 162 290 278 0
PennPed00063.jpg 85 47 265 341 0 168 14 245 140 0 58 73 115 167 0 1 74 20 138 0
686619871.jpg 30 126 475 311 2
PennPed00088.jpg 70 15 217 311 0
168935624.jpg 53 45 421 325 2
756193215.jpg 20 69 499 374 1 2 61 225 247 1
345185901.jpg 1 212 99 285 1
455493927.jpg 173 0 500 374 1
32934386.jpg 17 0 499 350 1
867994122.jpg 155 166 377 256 1
038.jpg 70 4 178 113 5
660485624.jpg 76 180 414 290 1
41225436.jpg 14 193 56 238 2
004.jpg 90 82 102 94 5 204 79 214 89 5
010.jpg 67 68 94 93 5
2065587148.jpg 7 197 493 459 3
yield_121.jpg 36 56 253 240 6
350300085.jpg 23 14 497 391 2
yield_135.jpg 38 60 148 159 6
yield_109.jpg 89 66 644 493 6
yield_108.jpg 74 74 242 222 6
715241412.jpg 7 103 490 286 2
195178307.jpg 39 86 484 237 2
yield_134.jpg 92 89 315 279 6
1638695994.jpg 64 149 172 283 3
yield_120.jpg 45 20 171 171 6
011.jpg 24 84 181 248 5
005.jpg 71 3 182 112 5
039.jpg 75 14 171 114 5
2028068488.jpg 14 15 477 332 3
596524377.jpg 45 92 454 261 1
1080674271.jpg 220 199 351 274 4
877501668.jpg 7 27 487 336 3
PennPed00089.jpg 79 22 153 297 0 136 2 300 310 0
PennPed00062.jpg 1 42 59 226 0 82 10 184 304 0 170 31 289 303 0 318 50 374 237 0 267 52 308 186 0 300 31 313 67 0
1973194611.jpg 116 100 349 269 3
PennPed00076.jpg 183 25 313 322 0
705889211.jpg 67 185 134 243 4 150 185 241 252 4 292 185 423 258 4 1 186 46 242 4
17629588.jpg 162 113 444 205 1
1883911491.jpg 244 120 396 224 4
1345736125.jpg 21 16 368 500 3
635963723.jpg 92 181 375 474 4
379891022.jpg 233 181 486 333 3 63 185 255 332 3 456 187 500 247 3 38 155 122 295 3
15728789.jpg 2 27 500 369 1
846074657.jpg 287 134 426 306 4 2 147 158 308 4
FudanPed00071.jpg 137 40 244 331 0 253 34 341 346 0 223 48 256 123 0 312 25 355 202 0
1163306080.jpg 1 132 158 257 3
180883151.jpg 4 15 500 338 2
329719474.jpg 183 41 381 324 2 88 180 128 248 2
FudanPed00065.jpg 11 55 63 185 0 27 68 147 382 0 137 80 244 389 0 228 69 318 393 0 338 84 429 355 0
264171811.jpg 262 263 307 312 3
yield_242.jpg 49 154 126 231 6
757372555.jpg 66 50 456 303 3
999214452.jpg 64 180 315 375 4
yield_256.jpg 226 46 262 80 6
FudanPed00059.jpg 32 52 140 332 0 154 33 254 330 0 265 42 385 329 0
663155599.jpg 105 13 404 343 4
385854141.jpg 47 105 241 195 1 230 111 436 197 1
1049067877.jpg 130 93 384 271 3
248452018.jpg 77 113 418 279 1 409 152 500 225 1 82 129 160 173 1
yield_281.jpg 89 8 182 89 6
730975295.jpg 46 170 259 256 2
426824565.jpg 478 170 500 201 1 71 180 89 216 1
503534277.jpg 4 116 500 332 4
503014436.jpg 11 130 369 372 2
city_059.jpg 92 60 158 120 5
yield_068.jpg 18 78 164 206 6
yield_040.jpg 74 43 177 130 6
2072832159.jpg 19 3 375 333 4
500036489.jpg 60 13 463 361 1
city_071.jpg 53 7 114 63 5
city_065.jpg 71 30 171 125 5
1559195478.jpg 232 415 333 498 4
yield_054.jpg 134 72 197 158 6
1726696106.jpg 91 172 183 297 4 190 170 298 269 4
yield_083.jpg 557 126 904 441 6
rural_023.jpg 176 11 209 42 5
1290706053.jpg 26 188 241 276 1
45670256.jpg 33 0 476 332 4
yield_097.jpg 110 24 345 250 6
rural_037.jpg 85 173 140 232 5
166642693.jpg 121 275 161 364 4
747398733.jpg 1 60 480 290 2
1504665649.jpg 23 75 470 263 3
rural_021.jpg 108 64 162 120 5
yield_081.jpg 55 31 187 149 6
rural_035.jpg 35 10 116 138 5
yield_095.jpg 15 107 480 515 6
rural_009.jpg 76 58 113 145 5
city_073.jpg 19 1 179 157 5
yield_042.jpg 24 99 49 121 6
1153402728.jpg 248 167 365 246 3
1846465089.jpg 131 79 275 229 3
yield_056.jpg 124 41 141 58 6
606736713.jpg 89 166 402 295 2
city_067.jpg 97 2 193 131 5
yield_283.jpg 27 65 112 165 6
635870629.jpg 112 247 208 343 2
1219244573.jpg 258 389 374 478 1
yield_240.jpg 200 56 222 76 6
yield_254.jpg 89 64 156 128 6
FudanPed00073.jpg 51 62 165 363 0 185 57 294 358 0
FudanPed00067.jpg 53 76 191 379 0
yield_268.jpg 78 7 230 183 6
242078259.jpg 3 105 500 341 1
PennPed00048.jpg 29 30 122 325 0 110 32 200 323 0 257 16 388 370 0
342417759.jpg 66 84 471 350 2
PennPed00060.jpg 40 21 141 327 0 119 25 191 237 0 189 13 277 237 0 270 79 389 329 0 378 27 478 335 0
PennPed00074.jpg 113 41 219 303 0 197 17 281 306 0 256 27 419 314 0
838665221.jpg 133 135 400 317 1
2077855440.jpg 228 199 374 366 4
630510567.jpg 9 13 431 364 2
104178654.jpg 374 2 497 129 3 133 0 169 44 3 183 0 216 41 3 259 6 398 102 3
382450333.jpg 5 53 311 375 2
972636751.jpg 26 103 461 349 1
488035092.jpg 44 15 612 465 2
013.jpg 7 1 99 104 5
007.jpg 157 43 187 70 5
485953581.jpg 15 50 435 246 2
392814235.jpg 278 10 400 500 1
69992231.jpg 1 56 468 280 2
yield_136.jpg 56 59 122 111 6
400883636.jpg 141 121 344 283 2
yield_122.jpg 97 1 163 51 6
914319987.jpg 21 76 488 320 1
530610584.jpg 101 146 468 296 2
598365810.jpg 1 1 374 481 1
145079623.jpg 90 174 396 273 2
20258104.jpg 177 152 284 204 2
yield_123.jpg 162 66 191 93 6
yield_137.jpg 86 176 100 187 6
006.jpg 57 12 107 66 5
130669213.jpg 97 268 239 487 4
303705271.jpg 60 80 414 242 2
012.jpg 146 13 201 77 5
632570170.jpg 1 0 500 326 2
184327884.jpg 1 83 300 276 3 160 125 500 351 3
729326209.jpg 12 27 444 371 3
688451853.jpg 221 182 266 234 4
1599331246.jpg 40 11 476 366 4
616127372.jpg 46 97 445 320 2
433130044.jpg 1 269 154 369 3 174 297 431 374 3 337 264 496 360 3
496912619.jpg 26 32 489 306 2
PennPed00075.jpg 188 17 338 307 0
PennPed00061.jpg 39 14 145 312 0 243 53 278 147 0
PennPed00049.jpg 76 40 171 346 0 170 38 260 337 0 250 77 299 239 0 288 72 322 181 0 312 75 364 236 0
319900653.jpg 233 144 500 328 1
434911860.jpg 60 70 439 301 1 1 66 216 231 1
FudanPed00066.jpg 243 47 329 351 0
129304790.jpg 17 162 575 542 2
yield_269.jpg 42 17 58 39 6
617058923.jpg 43 154 388 332 4
453905852.jpg 51 94 384 301 4
FudanPed00072.jpg 40 36 145 335 0
113332920.jpg 22 78 408 287 2
yield_255.jpg 10 40 162 173 6
66786387.jpg 46 75 470 283 1
233066923.jpg 35 10 489 313 1
yield_241.jpg 22 49 105 172 6
196492318.jpg 52 104 476 267 2
750843673.jpg 36 16 459 297 4
905491391.jpg 35 117 375 494 4
782725811.jpg 172 158 295 258 1 319 138 352 164 1 367 155 449 225 1
1716958914.jpg 215 188 358 336 4 140 171 208 273 4
512529941.jpg 6 57 401 287 2
yield_282.jpg 119 9 216 98 6
1882459969.jpg 74 150 406 375 3
yield_057.jpg 48 12 85 43 6
city_066.jpg 38 11 103 77 5
206699401.jpg 127 68 421 320 2
54973389.jpg 84 324 225 409 4
city_072.jpg 5 48 100 140 5
yield_043.jpg 26 99 48 122 6
rural_008.jpg 214 18 231 36 5
396113759.jpg 60 144 105 176 1
1436989557.jpg 158 195 271 375 3 263 219 499 374 3
260916719.jpg 35 110 430 287 2
yield_094.jpg 111 69 326 261 6
rural_034.jpg 113 66 140 97 5
876586954.jpg 26 18 487 368 1 389 3 491 47 1
2111370529.jpg 18 3 499 374 3
yield_080.jpg 8 29 150 158 6
rural_020.jpg 131 61 150 82 5
963693297.jpg 1 129 54 167 1
841791034.jpg 178 147 487 347 4
101.jpg 176 58 196 82 5
73413678.jpg 65 9 441 353 4
1859148832.jpg 100 178 157 256 4 10 258 174 359 4 95 75 130 96 4 148 70 180 91 4
rural_047.jpg 7 1 98 80 5
586937013.jpg 141 1 489 254 2
364506723.jpg 1 185 95 276 1
rural_053.jpg 176 80 256 154 5
176182209.jpg 138 33 371 292 2
city_029.jpg 54 21 130 94 5
yield_018.jpg 102 28 151 79 6
839550569.jpg 4 60 386 306 3 264 41 500 241 3
3401829.jpg 199 134 296 219 1
city_015.jpg 55 139 87 168 5
yield_024.jpg 3 56 148 193 6
523714938.jpg 13 29 474 324 2
rural_084.jpg 43 14 86 60 5
yield_030.jpg 148 37 196 90 6
city_001.jpg 70 23 160 122 5
670552175.jpg 248 203 397 297 3
FudanPed00015.jpg 15 42 180 330 0 112 51 139 98 0 222 47 241 86 0 131 48 153 112 0 1 50 47 150 0 32 59 52 95 0 45 50 66 96 0
FudanPed00001.jpg 157 175 308 437 0 413 168 539 496 0
713637923.jpg 81 70 220 210 2
1120245341.jpg 42 128 90 153 1 1 131 42 153 1
yield_226.jpg 173 18 208 59 6
FudanPed00029.jpg 24 72 161 315 0 239 66 371 354 0
yield_232.jpg 32 21 220 188 6
PennPed00006.jpg 1 96 79 406 0 36 86 141 370 0 106 71 244 414 0 221 87 332 393 0 440 96 607 436 0 522 136 599 327 0
1484479981.jpg 70 240 355 439 3
PennPed00012.jpg 113 119 214 403 0
289707744.jpg 15 53 499 333 2
380644046.jpg 0 245 329 467 2
787884310.jpg 64 85 488 256 1
075.jpg 63 7 117 66 5
061.jpg 60 127 180 261 5
306293113.jpg 1 77 127 255 3 149 2 417 375 3
yield_193.jpg 511 250 1497 1178 6
049.jpg 33 9 153 120 5
568980913.jpg 64 54 500 339 2
yield_187.jpg 86 46 183 133 6
748923786.jpg 203 95 335 197 1
yield_178.jpg 213 44 262 85 6
332508863.jpg 62 150 413 336 4
1440600751.jpg 335 225 442 303 4 259 225 310 296 4
yield_150.jpg 100 159 714 696 6
yield_144.jpg 471 350 579 460 6
422897837.jpg 29 69 227 259 2
735940047.jpg 32 60 453 321 2
yield_145.jpg 393 491 971 1022 6
yield_151.jpg 172 43 666 613 6
1083339855.jpg 3 18 493 362 1
yield_179.jpg 31 15 210 179 6
1210038971.jpg 45 33 427 313 1
yield_186.jpg 151 72 300 208 6
91814116.jpg 2 158 498 375 1
329055911.jpg 195 352 238 370 1 356 360 392 378 1 426 364 479 394 1
35267865.jpg 37 9 394 368 3 198 10 464 235 3
048.jpg 20 38 155 140 5
yield_192.jpg 20 47 290 286 6
060.jpg 118 23 228 130 5
812600791.jpg 32 93 460 282 1
074.jpg 203 63 230 90 5
701140316.jpg 22 74 481 255 1
1347752240.jpg 2 193 183 500 3 213 202 375 498 3
281082322.jpg 69 335 228 456 1
329706451.jpg 26 60 484 326 3
1973401895.jpg 214 237 457 374 4
887948829.jpg 73 198 137 239 1
210865872.jpg 261 28 461 90 1
222508337.jpg 62 112 432 288 2
897945971.jpg 210 176 497 335 3
225036923.jpg 22 153 235 367 3 197 100 458 367 3
PennPed00013.jpg 98 74 215 361 0 212 88 261 195 0 262 91 369 364 0 381 76 485 357 0
PennPed00007.jpg 42 54 169 352 0 119 79 211 363 0 184 72 312 369 0 303 69 386 405 0 417 62 526 346 0
yield_233.jpg 43 19 108 91 6
yield_227.jpg 152 49 179 88 6
FudanPed00028.jpg 1 10 152 305 0 181 18 317 323 0 292 27 317 154 0
363048392.jpg 376 164 416 195 1
1123847819.jpg 396 254 500 342 1
FudanPed00014.jpg 230 79 411 370 0 281 79 434 357 0
1721584752.jpg 249 159 403 333 4 1 191 78 333 4
1076606419.jpg 88 109 373 227 1
1358068220.jpg 57 47 434 375 4
yield_031.jpg 13 105 143 243 6
136620316.jpg 247 205 494 361 3
city_014.jpg 118 0 291 109 5
613388971.jpg 195 414 284 471 1 285 409 374 478 1
rural_085.jpg 180 38 207 64 5
373134631.jpg 72 67 319 208 2
973467993.jpg 387 219 500 327 3
city_028.jpg 82 50 146 131 5
yield_019.jpg 70 29 179 140 6
rural_052.jpg 87 118 117 148 5
552423708.jpg 47 2 429 363 4
rural_046.jpg 29 63 65 101 5
369708763.jpg 115 34 227 480 4
871413568.jpg 54 42 500 362 3
264651280.jpg 12 199 334 311 2
100.jpg 49 1 128 130 5
302423745.jpg 19 3 491 325 4
279939831.jpg 2 254 332 372 1 234 270 371 326 1 2 255 77 290 1 353 260 500 315 1 448 297 500 333 1
831433610.jpg 141 254 386 375 4 387 200 500 303 4 1 219 122 320 4
102.jpg 16 29 70 83 5
806566337.jpg 80 31 446 355 1
rural_078.jpg 20 99 45 122 5 187 104 201 123 5
rural_050.jpg 106 29 221 142 5
rural_044.jpg 68 51 177 158 5
714654993.jpg 1 160 26 217 1
1196962915.jpg 4 9 465 374 3
346104493.jpg 0 198 317 500 3
1456258612.jpg 61 119 333 285 3 260 96 422 215 3
city_002.jpg 69 3 180 115 5
yield_033.jpg 110 39 198 117 6
842563935.jpg 86 59 199 105 1 363 74 443 112 1
yield_027.jpg 88 39 172 136 6
927295841.jpg 191 108 376 335 3
city_016.jpg 200 17 228 49 5
1128195262.jpg 48 124 298 296 4
461445593.jpg 37 80 758 484 2
FudanPed00002.jpg 59 88 195 385 0 129 98 233 375 0
FudanPed00016.jpg 72 80 207 391 0 271 90 407 364 0 403 99 498 380 0 246 96 305 252 0 354 98 403 200 0 387 102 427 258 0 222 95 268 172 0
yield_219.jpg 142 41 170 68 6
yield_231.jpg 75 96 93 114 6
1131724550.jpg 30 62 438 231 1
yield_225.jpg 179 38 226 81 6
PennPed00011.jpg 87 60 238 346 0 246 47 317 358 0
1670008998.jpg 4 23 500 342 3
558843014.jpg 226 210 340 296 1
PennPed00005.jpg 59 125 163 409 0 159 147 255 412 0 265 141 419 439 0 530 163 662 440 0 596 150 705 399 0
PennPed00039.jpg 247 21 355 220 0 324 66 409 366 0
739165551.jpg 280 132 473 300 2 222 135 258 171 2
440092388.jpg 9 44 373 279 2
34570064.jpg 81 179 137 248 4 193 169 261 242 4
1181780601.jpg 440 156 473 180 1
062.jpg 59 103 132 253 5
076.jpg 56 24 128 110 5
1156354777.jpg 66 139 108 155 1
486098587.jpg 3 9 493 363 2
354264045.jpg 46 58 626 413 2
yield_184.jpg 215 205 449 419 6
yield_190.jpg 13 73 151 207 6
613917922.jpg 141 86 376 249 3
1016401847.jpg 2 6 499 371 3
406031539.jpg 10 39 500 341 2
628976252.jpg 44 111 162 258 2 143 134 291 270 2 297 133 500 295 2
431375815.jpg 130 237 251 299 1 389 227 442 261 1 450 223 484 247 1
1550798737.jpg 133 139 282 233 4 321 122 440 206 4
yield_147.jpg 273 125 383 235 6
561786526.jpg 422 277 464 312 1 467 293 486 310 1
089.jpg 224 53 239 71 5
yield_153.jpg 187 20 232 58 6
yield_152.jpg 68 32 226 167 6
088.jpg 26 105 168 253 5
1001827810.jpg 296 132 344 185 3
1444907844.jpg 235 176 349 248 4 135 189 210 269 4 74 211 127 270 4 0 155 40 198 4
yield_146.jpg 199 49 228 76 6
76013482.jpg 74 47 444 339 2
159181126.jpg 29 105 209 253 2
yield_191.jpg 355 78 1112 789 6
434065520.jpg 246 169 318 214 1
952826954.jpg 2 298 72 400 4
yield_185.jpg 20 112 479 518 6
077.jpg 33 5 162 126 5
586518241.jpg 2 2 458 375 2
063.jpg 116 36 229 142 5
1315489678.jpg 21 122 407 367 1
435889236.jpg 58 125 471 274 2
520489077.jpg 3 68 463 303 2
392523538.jpg 21 116 443 360 2
328479665.jpg 10 17 342 265 2
710927500.jpg 89 244 185 340 2
PennPed00038.jpg 230 35 369 317 0
490994032.jpg 82 85 448 289 2
1039575459.jpg 1 140 225 375 1 57 110 418 321 1
PennPed00004.jpg 61 59 173 414 0 151 88 256 387 0 230 92 334 391 0 414 91 508 396 0 590 106 738 398 0
826590617.jpg 108 147 417 339 1 13 145 137 253 1
PennPed00010.jpg 16 59 113 345 0 178 51 270 342 0 262 122 350 340 0 316 138 438 494 0 399 52 492 430 0 466 70 614 450 0 567 33 684 400 0
64444110.jpg 7 18 452 240 3
yield_224.jpg 19 87 177 220 6
yield_230.jpg 59 1 107 61 6
FudanPed00017.jpg 111 48 194 292 0 107 44 249 333 0 1 52 27 117 0 16 51 31 78 0
yield_218.jpg 75 89 136 141 6
1266209020.jpg 14 63 332 158 1 57 59 113 75 1
FudanPed00003.jpg 287 131 452 420 0
1027936159.jpg 206 201 260 236 1 350 198 379 219 1
784292751.jpg 194 212 290 264 2
1054795290.jpg 16 109 174 241 3
739600024.jpg 83 171 133 272 4 207 204 469 374 4 132 161 155 219 4
726461857.jpg 53 199 271 389 4 328 216 419 335 4
1236071278.jpg 8 0 192 330 4
146535738.jpg 1 56 393 321 2
yield_026.jpg 27 44 79 94 6
251045331.jpg 31 62 428 314 2
city_017.jpg 47 1 219 77 5
108960305.jpg 31 69 346 240 2
city_003.jpg 45 61 173 182 5
2079111598.jpg 263 31 476 191 4
yield_032.jpg 54 13 196 165 6
215077806.jpg 70 142 458 364 2
13072865.jpg 15 24 461 359 4
783164231.jpg 9 278 297 464 1
1095771536.jpg 147 88 464 323 3
890445780.jpg 82 141 354 336 4
1807973634.jpg 116 36 280 123 4 116 1 201 37 4
rural_051.jpg 64 29 150 116 5
rural_079.jpg 63 56 72 66 5
103.jpg 6 6 33 35 5
192015089.jpg 26 65 500 321 3
rural_055.jpg 151 18 239 111 5
414366020.jpg 1 1 223 72 1
rural_041.jpg 191 36 235 99 5
rural_069.jpg 28 11 60 42 5
360742400.jpg 23 50 465 309 2
168756464.jpg 64 74 413 360 1
409847280.jpg 54 98 306 330 2
107.jpg 36 39 178 190 5
yield_036.jpg 123 7 260 159 6
city_007.jpg 84 9 218 140 5
32491515.jpg 325 318 499 374 4
city_013.jpg 156 5 223 94 5
yield_022.jpg 14 37 54 77 6
rural_082.jpg 60 42 95 78 5
248537379.jpg 85 109 444 304 2
1093157622.jpg 471 159 500 230 1
160421506.jpg 250 226 316 264 1
1268208655.jpg 12 98 256 424 3
63292023.jpg 8 112 100 184 2 63 75 414 320 2
yield_234.jpg 154 23 180 45 6
yield_220.jpg 199 60 235 87 6
124605196.jpg 119 240 244 321 4
FudanPed00007.jpg 105 63 220 349 0 311 103 352 191 0 341 103 365 173 0 375 75 532 380 0 434 68 535 357 0
yield_208.jpg 68 54 103 83 6
1460902922.jpg 20 8 479 258 3
FudanPed00013.jpg 381 186 558 483 0
402271866.jpg 226 288 265 322 1
PennPed00028.jpg 235 46 328 332 0 202 62 272 336 0
PennPed00014.jpg 126 35 203 231 0 205 66 313 339 0 288 37 353 228 0 353 53 445 345 0
1982337599.jpg 65 9 457 315 4
227222160.jpg 95 0 499 362 1
330167347.jpg 3 38 475 334 3 51 31 240 142 3
800566335.jpg 232 172 390 323 4
1482057524.jpg 127 3 477 222 3
400685428.jpg 64 120 203 308 3
184211166.jpg 269 164 415 327 3
346535906.jpg 1 105 491 321 2
227860230.jpg 40 3 372 223 2
299779838.jpg 1 163 336 479 1
434572046.jpg 95 329 282 475 3
649074083.jpg 23 70 500 306 2
yield_181.jpg 16 169 379 529 6
52802728.jpg 1 1 500 317 1
16805268.jpg 415 170 499 199 1
976812769.jpg 423 159 500 268 4
708183484.jpg 337 119 489 267 3
1273646389.jpg 1 196 199 373 1
yield_195.jpg 343 215 1231 1009 6
295595914.jpg 63 57 427 359 4
067.jpg 25 119 174 270 5
856773225.jpg 108 57 408 338 1
073.jpg 94 33 174 112 5
724181905.jpg 346 177 403 245 4
79724623.jpg 2 269 174 400 4
yield_142.jpg 17 47 68 94 6
098.jpg 93 96 133 134 5
132952047.jpg 107 99 465 327 2
1041633544.jpg 1 69 51 143 1 119 56 151 84 1 160 51 192 80 1 81 55 103 82 1
1113418802.jpg 85 219 358 374 3
yield_156.jpg 53 65 123 180 6
1199821100.jpg 131 272 339 500 4 291 154 323 208 4
2032857127.jpg 85 50 423 345 3
929939741.jpg 130 282 436 374 4
1458478345.jpg 72 240 364 375 4
392288693.jpg 194 251 494 334 4 95 246 166 333 4
493716380.jpg 18 53 368 269 2
299882248.jpg 5 7 494 297 2
yield_157.jpg 23 1 135 133 6
099.jpg 93 69 124 102 5
yield_143.jpg 12 13 159 150 6
1751291039.jpg 63 159 488 375 3
072.jpg 70 80 132 162 5
066.jpg 80 15 162 97 5
43643377.jpg 19 142 271 482 3
587236785.jpg 61 126 352 284 1
yield_194.jpg 59 4 357 265 6
yield_180.jpg 33 23 256 220 6
854403880.jpg 8 13 481 389 4
237546571.jpg 75 120 489 302 2
2001599549.jpg 126 177 376 353 4
217086311.jpg 77 114 392 287 2
1581600052.jpg 351 186 494 337 4
107389697.jpg 419 134 500 174 1
1049593419.jpg 20 77 500 374 1
632309449.jpg 1 63 296 255 2
630877896.jpg 72 50 472 254 2
1846262127.jpg 109 80 471 329 3
PennPed00001.jpg 82 65 177 357 0 203 25 268 200 0 261 68 364 341 0 373 63 416 226 0 401 32 507 349 0 489 43 525 201 0 518 28 556 106 0 516 62 612 320 0
408292557.jpg 120 228 170 335 4 180 248 226 369 4 277 204 339 320 4 455 140 467 180 4 348 125 360 153 4 300 114 317 137 4 206 109 232 127 4 164 105 174 128 4
PennPed00015.jpg 126 91 286 411 0 298 88 454 381 0 739 90 833 382 0 684 75 834 351 0
197325463.jpg 47 46 481 320 2
PennPed00029.jpg 114 62 220 373 0 268 92 344 389 0 357 96 468 392 0 494 101 591 391 0
575645623.jpg 1 98 462 271 2
606816332.jpg 180 219 298 328 2
1386093117.jpg 298 47 469 360 3
FudanPed00012.jpg 153 66 301 365 0 322 53 443 329 0
631200075.jpg 38 4 388 334 3
586520308.jpg 61 85 398 225 1 140 242 500 331 1
FudanPed00006.jpg 0 100 84 385 0 32 88 104 374 0 203 105 350 390 0 273 77 365 372 0
59272395.jpg 158 153 326 237 3
yield_209.jpg 57 25 159 118 6
yield_221.jpg 57 23 194 149 6
221089995.jpg 54 1 498 333 2
1829483081.jpg 51 271 265 464 4
yield_235.jpg 34 50 115 161 6
176727600.jpg 31 53 500 427 2
640841984.jpg 92 82 270 296 2
261932914.jpg 81 117 197 213 4 287 162 432 273 4
719114641.jpg 12 93 385 241 1
city_012.jpg 68 56 194 184 5
rural_083.jpg 42 19 78 55 5
yield_023.jpg 2 10 180 167 6
yield_037.jpg 57 155 163 258 6
city_006.jpg 121 36 151 69 5
725864373.jpg 371 164 429 179 4 421 151 464 168 4
362848364.jpg 1 177 477 354 1
106.jpg 63 56 118 101 5
rural_068.jpg 62 35 116 90 5
618802687.jpg 39 83 484 312 2
rural_040.jpg 44 51 62 69 5
rural_054.jpg 32 24 51 41 5
122036675.jpg 105 67 462 227 1
rural_042.jpg 102 33 130 60 5 162 85 190 113 5
930913624.jpg 133 1 451 500 3 1 4 453 437 3
rural_056.jpg 203 69 214 80 5
104.jpg 21 17 155 155 5
1579553191.jpg 23 135 485 365 3
1400124567.jpg 27 134 409 369 4 349 142 450 277 4
yield_021.jpg 102 30 181 108 6
rural_081.jpg 40 18 158 138 5
city_010.jpg 58 72 157 168 5
city_004.jpg 72 13 174 114 5
yield_035.jpg 113 19 243 139 6
615554049.jpg 171 117 388 320 2
558124556.jpg 0 210 186 500 4
city_038.jpg 25 23 132 128 5
yield_009.jpg 112 32 206 132 6
69363900.jpg 208 174 366 349 3 369 197 442 291 3
1113873022.jpg 113 60 489 324 3
1828246252.jpg 45 114 318 317 3
732605573.jpg 23 100 476 322 2
433793461.jpg 30 53 476 327 2
yield_223.jpg 137 80 177 165 6
yield_237.jpg 6 104 84 198 6
5632322.jpg 353 194 407 233 1
FudanPed00038.jpg 215 40 401 337 0 273 12 333 106 0
408224036.jpg 36 57 456 318 2
FudanPed00010.jpg 271 86 402 374 0
74519888.jpg 22 69 478 317 2
FudanPed00004.jpg 10 54 58 187 0 165 56 330 347 0
61605856.jpg 307 94 500 235 1 1 99 137 209 1
468252626.jpg 79 148 476 350 2
PennPed00003.jpg 8 29 174 372 0 437 55 537 362 0 523 75 660 382 0
1024376968.jpg 122 207 318 374 4 1 239 78 375 4
PennPed00017.jpg 103 46 207 392 0 257 46 403 338 0
349375727.jpg 225 175 277 214 4
636260136.jpg 43 108 478 272 2
1109872690.jpg 121 101 394 372 3
655125943.jpg 23 32 382 272 2
27693537.jpg 41 69 460 332 1
31632379.jpg 16 53 479 333 1
332587831.jpg 29 11 467 383 2
yield_196.jpg 35 24 256 222 6
058.jpg 84 23 191 127 5
yield_182.jpg 166 59 307 181 6
1030700770.jpg 120 244 205 318 1
475512181.jpg 5 96 58 118 1
070.jpg 47 58 72 83 5
871926758.jpg 26 42 434 293 1
064.jpg 73 23 157 112 5
2138606357.jpg 181 126 394 240 3
yield_155.jpg 270 137 519 363 6
1349929555.jpg 37 164 229 375 4 291 209 500 372 4
yield_141.jpg 54 12 150 104 6
yield_169.jpg 45 52 103 127 6
341752229.jpg 20 47 489 332 3 54 100 172 195 3
735884028.jpg 154 174 477 300 2
1846581224.jpg 49 0 495 374 4
1003616115.jpg 174 113 414 215 1
764313278.jpg 47 56 455 309 3
1845617977.jpg 216 276 341 500 4
565404045.jpg 2 65 388 198 2
yield_168.jpg 90 6 238 164 6
yield_140.jpg 35 55 135 151 6
1218321329.jpg 128 180 141 189 1
yield_154.jpg 83 68 104 91 6
671288860.jpg 23 66 451 293 2
065.jpg 72 127 114 207 5
071.jpg 207 122 220 136 5
700873073.jpg 53 53 500 321 2
yield_183.jpg 73 57 147 141 6
059.jpg 120 48 198 125 5
yield_197.jpg 15 165 375 533 6
973798871.jpg 422 149 500 186 1
83928174.jpg 67 2 473 485 3
1271271340.jpg 108 114 381 296 1
779015033.jpg 1 192 120 269 1
666581544.jpg 59 90 418 320 2
272638106.jpg 215 188 376 319 3
393405808.jpg 10 30 500 368 1
13033585.jpg 59 61 442 411 2
584271360.jpg 18 27 386 298 2
657290904.jpg 462 189 500 222 1
314141993.jpg 37 96 477 315 2
2043050352.jpg 2 0 500 371 3
PennPed00016.jpg 77 48 156 365 0 230 92 339 382 0 464 61 580 368 0 553 81 597 235 0 594 111 619 159 0
PennPed00002.jpg 3 79 104 309 0 74 43 171 296 0 125 58 179 228 0 262 73 376 300 0 356 26 509 339 0 510 89 610 296 0 573 69 716 364 0 641 33 708 232 0 525 43 610 200 0
471831343.jpg 101 313 223 430 4
284991304.jpg 157 38 466 268 1
1260829735.jpg 31 131 386 342 1
421896264.jpg 59 125 431 321 1
234990774.jpg 54 195 394 374 4
83201526.jpg 90 55 292 418 2 16 168 96 382 2
FudanPed00005.jpg 1 48 42 160 0 178 52 328 338 0
FudanPed00011.jpg 270 104 444 399 0
546868597.jpg 135 97 183 117 1 215 93 260 110 1
yield_236.jpg 27 17 76 60 6
FudanPed00039.jpg 126 132 201 318 0 225 128 333 414 0
2035648915.jpg 8 72 457 353 4
382249922.jpg 125 81 305 281 2
763827390.jpg 1 172 21 199 1
yield_222.jpg 36 33 50 46 6
1311557218.jpg 66 100 316 274 1 269 103 500 239 1 437 81 500 111 1 343 85 433 108 1 243 85 320 123 1 136 87 217 106 1
599421561.jpg 66 155 445 278 1 2 153 190 230 1
984764775.jpg 130 1 371 373 4
566819913.jpg 54 151 225 224 2
city_039.jpg 198 9 221 43 5
51242113.jpg 2 26 477 321 2
1944697940.jpg 93 56 366 298 3 329 29 500 291 3 280 5 376 95 3
yield_008.jpg 48 91 71 134 6
1262215488.jpg 357 104 493 202 1
city_005.jpg 91 22 200 117 5
yield_034.jpg 109 28 189 119 6
rural_080.jpg 208 39 239 68 5
city_011.jpg 100 1 273 140 5
105.jpg 186 36 222 87 5
rural_057.jpg 168 30 209 68 5
rural_043.jpg 157 84 175 102 5
1406073001.jpg 313 173 376 246 4 377 169 391 250 4
671409735.jpg 61 12 334 478 3
1950391067.jpg 58 122 251 270 3 165 118 326 241 3 322 119 500 264 3
203056894.jpg 249 112 442 196 4
613819695.jpg 36 30 428 356 3
rural_066.jpg 70 12 190 130 5
rural_072.jpg 182 124 212 154 5
431746818.jpg 56 66 351 362 2
city_008.jpg 9 54 59 101 5
yield_039.jpg 138 66 159 100 6
1136658422.jpg 229 143 294 195 1
1964527675.jpg 23 134 397 310 3
73196473.jpg 62 83 443 345 2
city_034.jpg 15 96 63 144 5
yield_005.jpg 40 0 190 133 6
yield_011.jpg 142 94 177 125 6
city_020.jpg 4 50 106 145 5
377171453.jpg 25 92 454 360 2
69869371.jpg 71 98 438 267 2
1249947577.jpg 478 184 494 198 1
776327060.jpg 54 133 578 374 2
740526925.jpg 8 327 332 500 4 266 240 328 313 4
1344227992.jpg 4 13 497 354 3
FudanPed00034.jpg 1 55 21 101 0 8 45 32 98 0 68 56 99 101 0 93 44 117 99 0 105 24 258 334 0
1625237695.jpg 5 27 479 320 4
60903448.jpg 83 30 248 92 1
FudanPed00020.jpg 335 97 516 383 0
yield_207.jpg 138 58 187 103 6
FudanPed00008.jpg 29 172 117 365 0 0 175 44 380 0 222 154 375 439 0
441878422.jpg 1 120 500 374 2
255290510.jpg 47 73 462 311 2
yield_213.jpg 23 16 222 195 6
1166170.jpg 1 222 199 330 1
PennPed00027.jpg 120 87 205 368 0 113 57 174 185 0 202 67 331 371 0 345 88 426 319 0
400644284.jpg 186 100 500 340 2
PennPed00033.jpg 26 33 128 371 0 104 46 218 376 0 1 95 43 295 0 271 144 388 335 0 393 66 517 370 0 329 38 370 121 0 362 33 399 134 0
306501435.jpg 380 1 446 34 1
1090864095.jpg 12 61 135 142 1 125 50 331 139 1
771997908.jpg 39 72 466 314 1
743125427.jpg 435 226 473 244 1
281457092.jpg 384 135 500 209 1 139 153 153 164 1
809111666.jpg 1 0 500 331 4
1797039547.jpg 99 183 387 475 4
344921554.jpg 463 174 499 215 4
34210066.jpg 38 323 243 485 4
054.jpg 86 127 126 191 5
040.jpg 33 41 88 94 5
922628854.jpg 1 5 499 369 4
717207284.jpg 91 75 439 284 1
068.jpg 22 88 176 241 5
097.jpg 134 30 180 88 5
1955934574.jpg 1 41 350 333 3 241 21 461 205 3
yield_159.jpg 65 36 214 172 6
083.jpg 245 19 259 34 5
11791047.jpg 334 0 500 196 2
yield_171.jpg 17 170 375 528 6
1283350982.jpg 267 58 472 262 3
yield_165.jpg 83 65 155 184 6
yield_164.jpg 57 32 125 88 6
950639405.jpg 29 135 460 301 1
183491782.jpg 35 39 466 284 2
439103874.jpg 8 15 487 374 2
yield_170.jpg 27 26 225 199 6
714121027.jpg 41 21 471 284 2
082.jpg 114 63 158 115 5
25295937.jpg 47 77 419 306 2
yield_158.jpg 300 201 924 795 6
096.jpg 192 84 203 101 5
1275544842.jpg 250 64 449 325 3
699816883.jpg 64 168 444 352 2
721269409.jpg 55 53 428 348 2
069.jpg 7 99 175 253 5
134278317.jpg 95 140 475 327 1
041.jpg 31 39 100 124 5
055.jpg 107 21 127 37 5
1757745322.jpg 8 0 478 280 3
1235648930.jpg 348 199 424 252 1 426 204 500 255 1
1087902721.jpg 1 54 489 371 1
324469781.jpg 20 17 491 301 4
1850704757.jpg 51 123 376 356 4
PennPed00032.jpg 93 47 206 329 0
PennPed00026.jpg 13 104 74 155 0 199 111 310 374 0 296 87 450 383 0
818854402.jpg 326 144 444 224 1 29 190 60 205 1
yield_212.jpg 61 28 213 159 6
yield_206.jpg 130 72 196 159 6
FudanPed00009.jpg 152 118 301 406 0 300 135 458 435 0 294 153 326 200 0 334 152 357 187 0 442 149 457 171 0 177 152 197 201 0
FudanPed00021.jpg 227 89 274 169 0 311 73 475 370 0 42 90 72 162 0
1462344722.jpg 52 87 441 318 3
232814899.jpg 7 210 149 341 4 52 282 299 374 4 358 229 500 373 4
FudanPed00035.jpg 56 34 198 334 0 274 19 291 77 0
1337450052.jpg 34 9 455 344 4
41573042.jpg 86 192 130 227 1 27 201 89 243 1 16 192 41 212 1
1055557538.jpg 19 27 466 305 3
270094985.jpg 115 273 286 443 3
755548536.jpg 110 5 445 366 4
yield_010.jpg 26 43 147 147 6
city_021.jpg 47 5 123 77 5
2119383213.jpg 3 239 335 499 4
99312373.jpg 14 71 310 213 2
city_035.jpg 43 58 136 174 5
yield_004.jpg 49 20 199 158 6
1030640588.jpg 218 175 248 196 1
36680159.jpg 1 24 497 335 2
city_009.jpg 66 67 105 105 5
yield_038.jpg 56 34 162 125 6
939750170.jpg 472 185 500 216 1
rural_073.jpg 196 12 226 43 5
rural_067.jpg 82 13 125 56 5
637318988.jpg 83 150 411 272 2
rural_059.jpg 76 28 190 144 5
782782631.jpg 1 89 432 342 1 306 98 500 189 1
300823594.jpg 5 67 313 456 4
98199038.jpg 138 177 278 257 2
rural_071.jpg 167 24 212 70 5
744176420.jpg 1 233 34 270 1
rural_065.jpg 125 42 204 119 5
1146180935.jpg 41 75 457 274 1
40571797.jpg 156 252 200 316 3
1390768359.jpg 100 3 423 272 3
983715482.jpg 38 85 456 271 1
city_023.jpg 132 44 223 135 5
yield_012.jpg 132 73 202 162 6
yield_006.jpg 163 76 194 109 6
city_037.jpg 95 34 173 111 5
1304504639.jpg 44 52 451 270 1
96151475.jpg 34 69 369 237 2
82731045.jpg 52 137 280 305 3
122374183.jpg 42 14 429 363 2
598215948.jpg 108 44 380 395 3
FudanPed00023.jpg 196 80 349 371 0 175 43 198 73 0 184 39 202 67 0
FudanPed00037.jpg 151 98 168 186 0 187 96 213 172 0 253 56 415 354 0
yield_238.jpg 9 15 80 77 6
yield_210.jpg 49 16 128 111 6
306958041.jpg 6 249 365 500 4
577422855.jpg 15 76 481 258 2
yield_204.jpg 62 43 191 164 6
1209763663.jpg 49 27 488 341 4
744321846.jpg 3 148 484 284 1
PennPed00030.jpg 1 35 95 344 0 139 34 253 337 0 323 41 449 338 0
PennPed00024.jpg 70 54 174 351 0
424334189.jpg 52 58 388 286 1
1333621292.jpg 59 34 454 280 3
740745356.jpg 33 25 433 373 2
PennPed00018.jpg 62 26 155 329 0 175 66 259 306 0
421292190.jpg 28 101 457 330 2
581071246.jpg 112 100 449 292 2
163685813.jpg 162 90 450 227 2
676501722.jpg 323 127 500 213 1
243952160.jpg 57 189 149 254 4
774764463.jpg 0 139 277 357 1
1155256411.jpg 49 28 469 337 4
043.jpg 110 45 152 89 5
328782856.jpg 26 11 490 351 2
yield_199.jpg 183 141 366 351 6
743816451.jpg 173 249 379 327 2
057.jpg 105 15 159 67 5
255841349.jpg 1 60 426 345 2
2006065008.jpg 291 273 500 374 4
080.jpg 7 9 31 36 5
094.jpg 205 59 233 87 5
yield_166.jpg 6 84 188 267 6
yield_172.jpg 12 141 282 443 6
855245955.jpg 1 153 107 358 1 253 181 352 296 1
yield_173.jpg 35 79 379 440 6
647379055.jpg 9 211 290 500 4
66591217.jpg 8 3 500 329 1
yield_167.jpg 444 288 664 487 6
721598643.jpg 11 24 492 387 2
095.jpg 54 59 100 120 5
885207392.jpg 13 2 499 366 1
081.jpg 97 25 154 87 5
42185306.jpg 106 87 347 257 1
1003001826.jpg 63 55 434 229 1
056.jpg 55 60 93 97 5
1907509760.jpg 24 215 402 438 4
yield_198.jpg 166 58 308 184 6
042.jpg 111 142 160 192 5
179813682.jpg 19 42 468 263 1 261 32 500 126 1 403 15 500 59 1
680215621.jpg 31 33 373 473 2
281394280.jpg 312 150 390 180 1
81483732.jpg 1 121 314 226 2
1348666742.jpg 24 237 73 303 3 73 231 129 290 3
PennPed00019.jpg 23 73 106 363 0 159 62 257 365 0 305 54 393 368 0 383 41 466 373 0 466 66 537 370 0 529 78 622 376 0 606 66 705 379 0
1296338487.jpg 44 389 111 500 4
636454011.jpg 10 92 314 460 2
475709701.jpg 113 72 459 303 2
PennPed00025.jpg 70 28 223 310 0 188 142 277 308 0 386 1 422 71 0 414 17 432 73 0
98371893.jpg 4 0 168 135 4 4 80 340 294 4 342 80 498 333 4
806627085.jpg 44 379 75 407 1
542134797.jpg 4 24 474 358 2
510683903.jpg 15 22 372 467 2
661073200.jpg 230 114 486 296 4 69 111 220 239 4 18 92 53 174 4
PennPed00031.jpg 237 41 397 328 0
1230795142.jpg 112 7 500 289 1
154953364.jpg 17 106 439 323 2
yield_205.jpg 96 78 115 94 6
yield_211.jpg 21 74 113 158 6
423135464.jpg 39 134 254 267 2
FudanPed00036.jpg 126 93 285 398 0 238 128 302 364 0 284 113 343 360 0 714 138 798 350 0 791 110 938 383 0
yield_239.jpg 145 106 159 117 6
521335817.jpg 19 36 496 332 4
FudanPed00022.jpg 1 143 78 459 0 108 166 212 451 0 393 165 519 456 0 301 197 381 334 0
361716822.jpg 204 98 1451 1075 2
250480347.jpg 51 354 361 483 1
931745638.jpg 92 30 180 80 1
356020384.jpg 4 27 435 327 2
625194918.jpg 413 234 464 270 4
362993034.jpg 20 86 480 277 1
739138931.jpg 1 91 437 292 1
33353298.jpg 18 75 449 276 1
yield_007.jpg 32 8 89 59 6
1312543295.jpg 193 150 239 176 1
city_036.jpg 16 19 161 153 5
city_022.jpg 10 22 93 123 5
yield_013.jpg 204 20 241 63 6
981315031.jpg 318 226 423 277 1
918484833.jpg 322 283 499 357 1
rural_064.jpg 80 91 170 193 5
rural_070.jpg 100 49 165 108 5
rural_058.jpg 11 5 71 95 5
714884351.jpg 17 9 463 312 2
709163734.jpg 90 67 312 237 2
rural_074.jpg 105 141 134 172 5
1174780663.jpg 60 110 332 261 1
150679711.jpg 123 0 443 302 2
507816114.jpg 54 0 618 455 2
rural_060.jpg 109 48 165 101 5
rural_048.jpg 106 34 159 86 5
62334922.jpg 104 83 427 257 2
1691786793.jpg 350 162 448 280 4
yield_017.jpg 82 169 139 224 6
city_026.jpg 82 48 165 129 5
city_032.jpg 48 50 175 174 5
yield_003.jpg 130 8 246 116 6
210122024.jpg 19 269 408 497 2
460936951.jpg 45 41 477 357 2
590080.jpg 53 77 357 366 2
550051905.jpg 31 75 482 308 2
145117227.jpg 98 58 461 225 2
221178031.jpg 323 177 488 239 1
159964450.jpg 400 203 490 240 1
725059451.jpg 0 45 374 496 4
yield_215.jpg 65 32 221 178 6
yield_201.jpg 198 11 258 63 6
312600795.jpg 79 31 557 406 2
567772447.jpg 109 139 331 259 1
FudanPed00026.jpg 39 75 158 388 0 182 81 282 377 0
yield_229.jpg 204 49 225 79 6
FudanPed00032.jpg 448 156 577 455 0
PennPed00009.jpg 44 81 129 294 0 114 59 166 183 0 160 82 237 349 0 238 79 302 313 0 310 82 355 176 0 314 69 393 370 0 366 87 471 352 0 448 76 498 269 0 472 92 553 397 0 528 84 606 379 0
1624187438.jpg 1 25 334 495 4
551327121.jpg 47 36 440 273 2
369111477.jpg 132 335 296 442 4
PennPed00035.jpg 133 32 216 318 0 179 25 281 334 0 366 49 548 333 0 600 5 622 131 0
1131278605.jpg 58 268 203 424 4
PennPed00021.jpg 54 109 224 405 0 462 74 589 377 0 565 107 688 382 0
793254317.jpg 2 86 474 300 1
1278681778.jpg 15 28 500 373 1
948880978.jpg 14 0 500 288 1
646060646.jpg 67 19 437 316 4
046.jpg 44 40 124 147 5
715052324.jpg 28 26 320 225 2
yield_188.jpg 84 219 498 590 6
052.jpg 16 48 53 88 5
832856954.jpg 1 6 173 119 1
yield_163.jpg 1029 497 1116 583 6
266462654.jpg 172 149 303 252 4
yield_177.jpg 81 219 497 588 6
085.jpg 145 9 266 148 5
091.jpg 176 73 187 87 5 47 70 62 87 5
090.jpg 331 74 445 213 5
084.jpg 65 31 111 78 5
yield_176.jpg 75 0 124 39 6
yield_162.jpg 270 73 396 187 6
66741262.jpg 38 167 476 287 2
053.jpg 51 34 63 46 5 131 42 142 54 5
yield_189.jpg 21 121 279 339 6
047.jpg 206 53 228 116 5
630783678.jpg 29 22 336 459 2
510756108.jpg 340 221 448 288 1
1220101840.jpg 70 124 297 324 4 286 118 436 268 4
718532427.jpg 30 126 473 357 2
868750803.jpg 228 147 322 308 4
PennPed00020.jpg 141 109 269 385 0 380 66 502 371 0 488 66 571 365 0
PennPed00034.jpg 105 55 288 394 0 186 54 292 376 0 300 65 422 344 0 370 60 495 356 0
PennPed00008.jpg 43 66 182 371 0 197 71 306 335 0 259 73 398 340 0 338 51 421 281 0 382 52 423 228 0
549592615.jpg 77 115 452 268 1
FudanPed00033.jpg 157 46 308 351 0 329 79 381 241 0
FudanPed00027.jpg 99 42 254 330 0 13 60 52 160 0
yield_228.jpg 108 47 134 80 6
387286039.jpg 55 185 255 348 4
509486806.jpg 39 176 387 339 1
yield_200.jpg 693 64 1552 889 6
375805477.jpg 13 9 497 315 2
806031240.jpg 348 108 453 222 4
yield_214.jpg 30 16 84 63 6
628523204.jpg 42 123 459 287 1
452798033.jpg 243 103 339 230 2 362 144 392 179 2
840281838.jpg 194 267 267 345 1
2081590614.jpg 225 107 373 236 4
1098455379.jpg 300 312 488 374 1
city_033.jpg 85 12 246 165 5
404441529.jpg 19 17 472 245 1
yield_002.jpg 142 75 163 93 6
yield_016.jpg 0 1 224 222 6
city_027.jpg 49 38 148 115 5
781229503.jpg 30 53 455 282 2
rural_049.jpg 47 4 233 179 5
541507951.jpg 38 46 500 364 4
394362708.jpg 1 353 55 443 4
392353883.jpg 59 101 473 249 2
rural_061.jpg 113 28 265 159 5
724490229.jpg 26 86 238 345 2 273 87 496 356 2
rural_075.jpg 35 29 158 207 5
466953507.jpg 124 84 426 269 2
rural_063.jpg 62 21 180 144 5
1463604021.jpg 1 188 150 299 4
rural_077.jpg 54 127 155 226 5
650401184.jpg 190 130 466 337 1 1 108 126 285 1
863055298.jpg 139 189 252 272 4
city_031.jpg 102 31 233 159 5
79598807.jpg 86 2 499 366 4
city_025.jpg 100 0 178 77 5
624121902.jpg 144 82 488 211 2
yield_014.jpg 142 53 187 96 6
city_019.jpg 45 21 85 61 5
660428068.jpg 19 128 499 348 2
yield_028.jpg 34 46 90 96 6
364566583.jpg 390 183 500 296 1
332131606.jpg 49 75 500 362 1
696309476.jpg 199 141 360 238 1
75849916.jpg 27 153 407 337 2
yield_202.jpg 35 141 458 543 6
117843501.jpg 1 70 500 290 1
FudanPed00019.jpg 6 133 143 390 0 187 118 340 426 0
FudanPed00031.jpg 291 118 447 414 0 177 165 204 199 0
1304066067.jpg 66 267 157 294 1
1304761547.jpg 324 101 480 216 4
401476773.jpg 6 83 206 207 2
FudanPed00025.jpg 39 85 98 262 0 126 71 191 263 0 175 49 236 255 0 209 67 270 267 0 224 66 397 360 0 304 58 385 267 0 103 68 157 253 0
540449487.jpg 23 189 63 218 1
106552667.jpg 16 45 490 296 1
176758197.jpg 51 65 482 312 2
PennPed00022.jpg 38 119 166 422 0 140 143 260 411 0 222 149 358 416 0 345 163 428 340 0 672 117 745 384 0 733 125 832 393 0
1783120173.jpg 1 0 500 374 4
PennPed00036.jpg 55 59 170 333 0 507 32 639 326 0 563 1 605 72 0 595 1 625 81 0
839447435.jpg 144 116 344 303 4
079.jpg 84 12 162 88 5
730689715.jpg 1 107 381 375 1 310 120 479 227 1
2089026549.jpg 11 109 263 275 4
051.jpg 107 29 217 142 5
1016880707.jpg 41 90 391 267 1
1234406712.jpg 44 87 430 247 1
045.jpg 95 27 218 143 5
yield_174.jpg 27 111 477 515 6
1151646851.jpg 11 32 500 326 1
yield_160.jpg 29 22 309 267 6
092.jpg 29 1 154 121 5
506202260.jpg 10 84 480 338 1
yield_148.jpg 23 102 127 272 6
361050949.jpg 84 102 388 266 2
086.jpg 64 33 118 88 5
087.jpg 29 22 92 85 5 130 22 197 85 5
yield_149.jpg 316 150 515 394 6
093.jpg 50 10 91 54 5
449121679.jpg 3 204 323 374 4
yield_161.jpg 384 66 445 118 6
yield_175.jpg 40 52 96 104 6
044.jpg 118 38 229 140 5
050.jpg 142 66 158 87 5
078.jpg 121 43 153 77 5
PennPed00037.jpg 232 22 330 307 0
1170081199.jpg 58 41 240 266 1
1143604331.jpg 75 76 427 271 1
PennPed00023.jpg 122 57 273 358 0 230 144 289 214 0 328 127 381 205 0
67916145.jpg 53 90 458 387 2
1127932606.jpg 110 243 212 349 4
FudanPed00024.jpg 99 80 273 375 0
1132930338.jpg 1 144 51 221 4
FudanPed00030.jpg 51 83 211 376 0
yield_217.jpg 47 31 173 143 6
FudanPed00018.jpg 16 15 130 310 0
407661104.jpg 39 32 399 286 2
yield_203.jpg 119 28 136 45 6
562042856.jpg 7 7 480 367 2
777366305.jpg 51 248 113 340 4 126 307 244 500 4 1 331 90 499 4
605578316.jpg 439 182 500 237 1
city_018.jpg 49 4 205 150 5
city_024.jpg 109 20 127 36 5
yield_015.jpg 76 50 100 73 6
116479458.jpg 420 254 461 270 1
779653630.jpg 208 201 258 245 1
yield_001.jpg 95 74 116 97 6
city_030.jpg 69 46 83 61 5 179 59 193 72 5
1145771756.jpg 30 79 455 301 1
872082280.jpg 132 133 169 151 1 1 166 135 208 1
509177174.jpg 23 26 288 219 2
841527354.jpg 231 302 374 496 4
480119251.jpg 267 353 375 453 4
964595877.jpg 1 248 128 345 1
rural_076.jpg 37 16 63 40 5 169 100 190 120 5
680893131.jpg 259 230 500 352 1
rural_062.jpg 28 30 165 181 5
rural_039.jpg 160 24 187 52 5
yield_099.jpg 73 211 496 599 6
1807686780.jpg 52 147 258 429 4
1839939036.jpg 6 131 208 313 4
4376610.jpg 179 132 283 224 2 264 130 350 190 2 326 150 431 227 2
rural_005.jpg 154 55 181 82 5
rural_011.jpg 176 28 193 55 5
942086195.jpg 9 93 472 344 1
540670151.jpg 15 65 500 342 2
yield_066.jpg 56 32 125 91 6
city_057.jpg 31 7 166 143 5
city_043.jpg 212 36 251 75 5
27583491.jpg 39 169 177 484 4
yield_072.jpg 70 33 204 158 6
28723768.jpg 48 89 404 243 2
340261632.jpg 69 115 469 301 2
785545675.jpg 83 45 463 344 4
185910658.jpg 103 61 456 223 1 1 51 41 122 1
FudanPed00057.jpg 1 103 42 226 0 19 90 143 405 0 122 87 208 357 0 228 77 314 359 0 338 111 392 271 0 383 115 429 257 0 293 109 333 261 0
yield_258.jpg 56 29 120 85 6
987119010.jpg 20 35 449 316 1
FudanPed00043.jpg 35 162 85 367 0 69 132 147 429 0 120 136 171 409 0 147 132 250 441 0 205 128 267 405 0 254 119 355 438 0 439 151 492 342 0
742272935.jpg 174 87 281 174 1
41430864.jpg 182 156 487 258 1 416 161 455 180 1 65 162 189 230 1 10 171 80 218 1
yield_264.jpg 60 41 186 163 6
yield_270.jpg 49 14 138 103 6
PennPed00044.jpg 68 33 171 330 0 178 75 222 196 0 248 58 330 284 0 331 51 410 277 0
72840878.jpg 388 165 500 275 1
742203909.jpg 421 250 500 365 1
PennPed00050.jpg 87 39 199 295 0 59 22 113 223 0
PennPed00078.jpg 209 57 322 358 0
153030709.jpg 1 27 499 371 4
984704819.jpg 153 244 253 301 4
PennPed00087.jpg 19 12 130 321 0
PennPed00093.jpg 49 5 228 300 0
1986152839.jpg 37 144 215 296 4
037.jpg 184 17 228 61 5
9921012.jpg 19 16 488 270 4
023.jpg 138 13 168 39 5
271609430.jpg 184 190 310 240 1
1067463665.jpg 35 29 332 496 1
yield_112.jpg 164 63 231 119 6
764733443.jpg 103 45 500 355 2
818788258.jpg 125 9 500 148 1
yield_106.jpg 84 47 183 133 6
yield_107.jpg 69 31 231 168 6
yield_113.jpg 1 42 97 119 6
787616994.jpg 5 29 487 300 1
758829858.jpg 77 27 347 246 1
1048323993.jpg 1 1 474 333 1
022.jpg 113 87 135 109 5
036.jpg 198 27 268 97 5
706767265.jpg 45 42 466 332 4
1150602839.jpg 7 128 416 314 4
673755574.jpg 258 209 408 315 1
PennPed00092.jpg 104 71 311 428 0 281 91 468 392 0
PennPed00086.jpg 16 27 78 256 0 117 62 161 193 0 178 53 227 200 0 206 43 310 324 0 342 26 466 329 0 73 160 187 354 0
127941784.jpg 49 22 402 149 2 50 251 403 388 2
PennPed00079.jpg 207 23 325 321 0
154627936.jpg 85 186 131 225 1 6 146 82 227 1
1816020058.jpg 1 1 499 331 4
445491571.jpg 42 69 488 374 2
1528813295.jpg 53 233 483 441 4
PennPed00051.jpg 32 47 206 328 0 304 61 476 372 0 367 20 432 133 0 455 30 588 373 0 550 62 628 348 0
PennPed00045.jpg 69 60 206 370 0 216 61 324 359 0 320 62 437 346 0 422 66 484 218 0 489 56 545 212 0 524 41 642 350 0
673557456.jpg 2 179 494 375 2
236140059.jpg 81 120 499 284 2
yield_271.jpg 134 109 147 122 6
1703234281.jpg 4 30 499 350 4
280678590.jpg 241 126 393 185 1 408 15 434 35 1 384 12 403 32 1 450 15 471 35 1 484 12 500 33 1
1549984234.jpg 404 144 491 204 4 60 185 113 257 4 89 155 163 225 4 208 148 293 212 4 147 191 273 283 4
yield_265.jpg 153 62 254 149 6
187415512.jpg 53 64 457 322 1
227462821.jpg 218 167 343 264 2 344 108 432 152 2
FudanPed00042.jpg 154 180 254 479 0 251 268 286 328 0 285 149 396 465 0 374 167 452 363 0 445 273 557 547 0 509 165 587 545 0
FudanPed00056.jpg 196 251 280 532 0 252 251 351 534 0 442 240 540 521 0
36903366.jpg 3 8 499 306 4
yield_259.jpg 77 100 113 136 6
183492808.jpg 23 83 385 255 2
1291572128.jpg 6 111 494 433 1
city_042.jpg 45 115 121 201 5
yield_073.jpg 105 50 146 81 6
684357595.jpg 72 88 414 240 1 321 74 465 178 1 1 93 64 171 1
yield_067.jpg 14 73 148 209 6
city_056.jpg 26 1 72 49 5
617814181.jpg 43 31 499 317 2
231098720.jpg 13 58 488 348 1
1027085989.jpg 24 286 138 364 1
1138179379.jpg 1 332 94 436 1 170 337 323 438 1
905306047.jpg 26 24 475 311 4
rural_010.jpg 66 4 124 58 5
489428702.jpg 64 162 410 375 4
65561577.jpg 17 46 483 308 2
1232809209.jpg 3 98 275 316 4 266 85 429 277 4 422 87 498 265 4
rural_004.jpg 144 67 158 89 5
352929277.jpg 188 184 460 308 1
yield_098.jpg 210 251 438 547 6
rural_038.jpg 67 6 178 122 5
1282943444.jpg 138 173 364 264 1 369 178 500 244 1
639600141.jpg 254 138 419 260 2
rural_012.jpg 22 63 60 107 5
155874916.jpg 70 165 124 199 1 160 162 177 176 1 186 162 204 176 1 125 164 140 190 1
882790431.jpg 95 30 395 497 4
400301611.jpg 190 106 312 159 1
rural_006.jpg 201 90 216 104 5
440821346.jpg 37 143 680 456 2
280997628.jpg 76 156 132 218 1 337 169 377 202 1 373 162 443 203 1 438 166 500 205 1 1 185 34 210 1 42 179 67 195 1
384810816.jpg 52 77 431 302 2
162486434.jpg 22 111 489 305 2
city_068.jpg 58 37 89 82 5 59 140 92 182 5
yield_059.jpg 165 78 195 108 6
yield_071.jpg 87 67 178 167 6
city_040.jpg 136 28 170 61 5
977075427.jpg 1 52 500 319 4
city_054.jpg 37 54 136 167 5
756809149.jpg 1 92 477 321 1
yield_065.jpg 15 36 53 74 6
1289089457.jpg 215 249 330 309 1
399069454.jpg 1 55 499 289 1
713930355.jpg 148 148 466 313 2
1012060127.jpg 165 229 455 486 1
FudanPed00040.jpg 105 254 160 369 0 197 153 283 435 0 274 163 376 431 0
381758897.jpg 30 78 484 335 2
721368399.jpg 55 143 316 434 2
FudanPed00054.jpg 92 132 185 420 0 283 109 361 337 0 359 114 441 333 0 489 116 518 198 0
192230027.jpg 82 122 473 269 2
yield_273.jpg 80 35 98 52 6
yield_267.jpg 174 51 211 87 6
1036760951.jpg 170 236 273 375 4
FudanPed00068.jpg 244 59 325 366 0
PennPed00053.jpg 11 20 130 325 0 165 25 269 333 0
1372872655.jpg 35 22 452 272 4
PennPed00047.jpg 135 54 234 336 0 202 39 255 167 0 260 23 372 324 0 361 33 431 196 0
293309661.jpg 286 113 500 220 1 6 145 158 235 1
184650407.jpg 1 82 486 254 1
PennPed00090.jpg 53 31 124 344 0 92 15 215 360 0 211 31 374 324 0
330678906.jpg 2 32 394 375 1
PennPed00084.jpg 158 90 205 261 0 152 43 308 346 0 268 19 360 334 0
868476628.jpg 396 251 500 372 1
513658406.jpg 164 382 210 414 1 242 338 276 356 1 267 323 299 340 1 326 278 342 292 1 346 273 361 286 1
020.jpg 174 58 197 82 5
382720105.jpg 210 199 313 301 1 395 198 499 299 1
034.jpg 229 7 250 30 5
301395584.jpg 86 159 244 404 4
1106367067.jpg 2 0 500 374 4
353219063.jpg 285 197 390 233 2
334019671.jpg 23 122 455 262 2
008.jpg 224 31 249 56 5
yield_139.jpg 234 181 268 212 6
148210185.jpg 34 82 457 286 2
361140281.jpg 228 452 375 499 1
yield_105.jpg 709 906 1709 1839 6
543905296.jpg 56 53 459 375 2
211402310.jpg 20 49 463 299 2
yield_111.jpg 351 79 411 138 6
yield_110.jpg 412 200 532 293 6
yield_104.jpg 106 161 715 693 6
1143962153.jpg 1 18 407 304 1
437603113.jpg 160 134 409 297 2
482498549.jpg 1 75 262 294 2 62 71 342 259 2 218 90 421 236 2
208066259.jpg 41 12 284 495 2
009.jpg 89 96 116 136 5
1459858799.jpg 95 1 318 500 4
365015789.jpg 331 152 500 332 1
035.jpg 202 47 238 79 5
021.jpg 158 70 170 82 5 17 56 27 68 5
64696696.jpg 12 137 488 343 2
1823573232.jpg 113 211 156 290 4 189 157 215 211 4 99 152 119 171 4 44 136 51 151 4
242214484.jpg 10 50 499 303 2
PennPed00085.jpg 85 23 196 321 0 238 36 364 330 0
PennPed00091.jpg 208 22 340 316 0
817221848.jpg 302 24 405 146 4
390850764.jpg 60 55 473 304 4
485391593.jpg 271 99 479 249 1 265 98 284 176 1
626134131.jpg 15 90 466 274 2
PennPed00046.jpg 16 53 110 324 0 314 20 422 318 0 418 59 446 121 0
220910939.jpg 49 56 472 288 1
650517386.jpg 140 291 351 379 1
PennPed00052.jpg 74 131 180 435 0 166 177 298 486 0 280 175 342 320 0 400 154 491 402 0 542 81 602 168 0 522 155 617 398 0
yield_266.jpg 229 61 241 72 6
FudanPed00069.jpg 212 66 318 366 0
yield_272.jpg 186 19 233 59 6
435864920.jpg 162 22 500 316 2
FudanPed00055.jpg 141 174 285 535 0
FudanPed00041.jpg 3 150 92 507 0 37 180 113 393 0 279 182 363 448 0 348 156 428 439 0 386 147 448 251 0 417 153 472 265 0 484 149 503 229 0 78 164 121 227 0
747434459.jpg 138 186 237 352 4
667013037.jpg 109 138 345 279 2
2139062453.jpg 95 271 279 390 4
337876589.jpg 69 117 455 425 2
1138700145.jpg 151 264 184 291 1
940380858.jpg 80 154 395 343 4
city_055.jpg 30 3 191 161 5
yield_064.jpg 83 83 138 128 6
181511189.jpg 52 48 443 272 4
494392485.jpg 23 76 410 313 2
yield_070.jpg 43 79 117 148 6
city_041.jpg 73 6 197 132 5
city_069.jpg 131 4 235 117 5
773325547.jpg 16 53 343 218 2
565619822.jpg 8 0 463 365 1
yield_058.jpg 59 140 199 194 6
730480869.jpg 86 234 146 330 4 41 228 67 317 4 5 226 38 304 4
915047351.jpg 447 177 493 228 1
rural_007.jpg 55 61 92 95 5
rural_013.jpg 234 17 267 51 5
888223318.jpg 5 218 50 255 1
rural_017.jpg 114 18 148 50 5
rural_003.jpg 138 64 151 79 5
527932666.jpg 47 109 318 286 2 322 180 364 236 2
831787438.jpg 92 95 234 309 4
373809348.jpg 247 1 370 231 2 108 13 247 205 2 76 49 111 178 2 51 75 76 164 2 27 79 52 155 2 7 85 29 145 2
1670538989.jpg 48 85 500 370 4
42261117.jpg 12 62 453 300 2
469340572.jpg 205 126 432 270 1
city_045.jpg 119 118 138 140 5
yield_074.jpg 54 35 159 121 6
yield_060.jpg 8 14 80 75 6
city_051.jpg 39 53 123 136 5
2021900717.jpg 114 293 374 500 4
yield_048.jpg 82 28 101 45 6
794844464.jpg 10 156 469 290 1
365952469.jpg 143 244 185 265 1 71 264 115 288 1 49 261 81 279 1 197 245 222 259 1
139624798.jpg 197 290 375 380 1
315021922.jpg 210 49 476 291 2 10 17 208 251 2
69213530.jpg 1 102 499 314 1
538368382.jpg 38 149 215 311 1 0 148 42 239 1
yield_276.jpg 6 30 154 160 6
yield_262.jpg 21 124 63 165 6
784751554.jpg 1 0 500 372 4
365152015.jpg 269 86 286 99 1
FudanPed00045.jpg 79 198 141 331 0 131 194 170 332 0 162 181 219 345 0 195 192 296 478 0 255 195 317 421 0 314 194 407 498 0 395 208 470 500 0 439 179 486 269 0 394 199 414 254 0
FudanPed00051.jpg 117 188 223 481 0
801626373.jpg 51 99 444 273 1
1457387283.jpg 371 163 457 304 4
573458507.jpg 66 273 276 358 4
PennPed00056.jpg 135 120 199 387 0 169 102 273 399 0 251 95 311 387 0 598 106 618 231 0
518057194.jpg 447 196 500 232 1 389 188 467 216 1
PennPed00042.jpg 270 31 387 316 0 398 29 477 314 0
257636890.jpg 74 57 437 306 2
510142436.jpg 37 46 489 315 1
1170626849.jpg 14 52 500 298 1
615502104.jpg 113 77 170 114 1
817029264.jpg 99 204 260 368 4 187 221 349 375 4
PennPed00095.jpg 192 44 311 339 0 317 54 436 339 0
PennPed00081.jpg 147 80 240 373 0 238 45 337 370 0 328 69 454 368 0
019.jpg 196 28 231 66 5
134292972.jpg 0 47 371 488 2
025.jpg 182 40 205 66 5
031.jpg 108 36 151 79 5
yield_100.jpg 128 47 934 774 6
701108883.jpg 52 66 427 339 2
273167068.jpg 238 151 329 322 4 2 86 66 141 4
105306950.jpg 113 54 408 287 4
323834580.jpg 38 194 309 477 4
yield_114.jpg 197 36 241 80 6
1267320497.jpg 36 113 469 354 1
616970113.jpg 38 104 402 189 2
634420401.jpg 201 113 311 212 1
yield_128.jpg 185 213 340 353 6
558956847.jpg 6 118 467 325 1
yield_129.jpg 149 76 298 203 6
2027213342.jpg 90 174 306 345 4
395567198.jpg 125 201 240 259 2
yield_115.jpg 450 292 657 477 6
454325735.jpg 82 175 244 352 4
210819094.jpg 41 245 158 294 1 386 227 400 237 1 46 222 98 246 1
68548902.jpg 28 45 457 281 2
1688848647.jpg 34 41 483 309 4
yield_101.jpg 158 67 177 82 6
030.jpg 114 39 253 169 5
1376232420.jpg 8 148 363 485 4
024.jpg 95 69 125 102 5
1544977971.jpg 108 192 138 222 4
224215787.jpg 7 28 499 355 2
479268913.jpg 2 257 105 375 4 319 285 413 375 4
58334336.jpg 9 9 491 270 2
435030115.jpg 19 16 453 334 2
018.jpg 134 30 179 88 5
396247741.jpg 125 218 190 279 1 139 195 271 260 1
PennPed00080.jpg 70 42 176 342 0 211 45 310 338 0 318 44 424 330 0
616418343.jpg 43 80 485 309 2
PennPed00094.jpg 117 23 264 327 0
1408596350.jpg 253 231 285 260 4
PennPed00043.jpg 143 73 206 255 0 194 43 292 340 0 277 72 325 261 0 328 57 435 323 0 428 68 454 157 0 406 58 430 113 0
PennPed00057.jpg 152 61 264 355 0 197 15 257 295 0
195499878.jpg 18 57 492 335 2
477016271.jpg 212 429 375 497 1
FudanPed00050.jpg 27 194 143 489 0 282 210 371 416 0
899666650.jpg 27 27 482 375 1
802935482.jpg 2 0 499 374 4
533750969.jpg 69 156 442 282 1
FudanPed00044.jpg 32 124 187 494 0 241 165 343 466 0 334 171 429 466 0 436 151 509 403 0 397 139 453 377 0 325 162 379 237 0 321 161 337 201 0 50 146 73 208 0 338 166 353 185 0
yield_263.jpg 49 56 140 151 6
yield_277.jpg 76 0 223 178 6
578837766.jpg 31 64 400 238 2
1727345909.jpg 106 296 298 428 4
748880444.jpg 20 114 426 353 2
27300711.jpg 23 88 485 311 2
city_078.jpg 165 74 231 133 5
yield_049.jpg 73 61 107 88 6
yield_061.jpg 85 107 157 175 6
city_050.jpg 103 9 143 54 5
1468227913.jpg 3 2 375 499 4
105947701.jpg 438 182 468 207 1
city_044.jpg 47 100 116 176 5
yield_075.jpg 13 4 64 52 6
405555825.jpg 37 29 484 292 2
579830888.jpg 411 226 489 280 1
rural_002.jpg 19 24 68 78 5
111712537.jpg 72 64 460 349 2
114322963.jpg 96 167 453 281 1
1219122321.jpg 12 18 483 317 4
rural_016.jpg 166 42 196 69 5
116927118.jpg 45 54 461 273 4
959815111.jpg 37 62 480 336 1
112573437.jpg 4 51 487 257 2
rural_014.jpg 194 94 211 111 5
rural_028.jpg 71 24 89 44 5
yield_088.jpg 93 15 164 75 6
city_052.jpg 41 54 140 154 5
1999952115.jpg 32 21 469 313 4
2051190046.jpg 89 8 443 320 4
yield_063.jpg 164 20 208 62 6
yield_077.jpg 238 55 268 79 6
city_046.jpg 56 38 155 127 5
701609655.jpg 385 184 421 198 1 466 185 500 204 1
1396848035.jpg 143 81 216 209 4
1778461889.jpg 1 152 187 372 4
1230052742.jpg 6 38 500 354 1
825878357.jpg 11 220 290 498 1 13 29 252 199 1 131 4 230 52 1
yield_261.jpg 15 6 241 194 6
459157087.jpg 1 0 490 374 4
yield_275.jpg 132 27 165 56 6
FudanPed00052.jpg 201 182 307 495 0
FudanPed00046.jpg 177 119 273 409 0 439 99 515 313 0 516 118 566 261 0 483 103 522 157 0 296 112 371 336 0 550 99 567 148 0 283 115 322 154 0 133 119 192 253 0 235 116 304 371 0
yield_249.jpg 57 114 114 166 6
PennPed00069.jpg 57 40 152 333 0 165 38 272 313 0
1062926369.jpg 45 259 288 383 4
970411718.jpg 1 222 195 338 1 400 246 498 374 1
1169716815.jpg 45 116 210 371 4
PennPed00041.jpg 348 95 465 379 0
PennPed00055.jpg 28 7 123 287 0 92 47 210 344 0
1129301852.jpg 10 24 479 353 4
633362618.jpg 300 212 396 291 1 382 196 455 247 1
781719246.jpg 84 114 425 248 2
626081772.jpg 102 107 421 266 2
616756900.jpg 1 143 313 450 2
PennPed00082.jpg 94 20 229 312 0
585475989.jpg 16 9 122 115 1 344 27 500 128 1
PennPed00096.jpg 4 35 103 325 0 99 20 209 327 0
660743941.jpg 71 84 464 388 2
032.jpg 219 86 238 104 5 6 81 20 97 5
026.jpg 187 53 211 76 5
826391515.jpg 169 98 473 297 1
yield_117.jpg 246 79 428 231 6
yield_103.jpg 35 25 222 197 6
305838860.jpg 61 97 429 312 2
2009926637.jpg 48 85 132 277 4
yield_102.jpg 1102 635 3658 2928 6
55006466.jpg 2 47 487 293 2
yield_116.jpg 172 74 234 129 6
414867369.jpg 2 36 494 374 2
027.jpg 26 25 164 167 5
497723672.jpg 208 164 255 282 4 267 177 335 311 4 180 162 202 248 4
033.jpg 5 55 74 128 5
685525869.jpg 33 70 500 358 2
312310880.jpg 424 180 483 263 1 24 161 134 282 1
PennPed00083.jpg 36 20 130 302 0 112 29 249 325 0
8987739.jpg 2 200 96 252 1
61880235.jpg 1 205 98 259 1 405 181 470 220 1 461 195 500 222 1 144 142 407 235 1
PennPed00054.jpg 37 16 130 317 0
PennPed00040.jpg 199 40 316 331 0
PennPed00068.jpg 35 86 161 370 0 182 52 285 349 0 379 39 457 228 0 425 31 572 356 0
631052127.jpg 105 53 398 317 1
FudanPed00047.jpg 29 186 91 429 0 87 189 256 497 0 90 186 154 328 0 272 196 367 482 0 224 194 303 379 0 388 180 434 308 0 352 182 392 265 0 276 165 313 244 0 434 175 472 325 0
yield_248.jpg 58 61 107 104 6
902928910.jpg 143 322 292 418 4
FudanPed00053.jpg 88 162 195 437 0 382 139 503 456 0
18487093.jpg 47 1 499 344 2
330882442.jpg 158 56 376 289 2
1863385155.jpg 1 0 206 317 4 338 0 500 299 4
yield_274.jpg 10 14 199 177 6
162848933.jpg 19 39 471 309 2
331518586.jpg 389 241 459 259 1 187 258 224 278 1
yield_260.jpg 59 84 136 139 6
1372021514.jpg 14 7 375 470 4
119241546.jpg 312 242 354 273 1 399 237 438 273 1
1022514470.jpg 1 122 87 202 1 32 129 387 311 1
611752652.jpg 5 125 488 254 2
1791013331.jpg 77 321 285 482 4
652509328.jpg 67 189 273 293 2
yield_076.jpg 78 21 94 38 6
356399119.jpg 29 43 382 278 2
1033959848.jpg 9 19 500 361 1
city_047.jpg 8 7 113 122 5
city_053.jpg 26 23 50 48 5
yield_062.jpg 71 60 193 164 6
yield_089.jpg 107 244 187 360 6
rural_029.jpg 151 58 167 75 5
rural_015.jpg 233 57 255 80 5
511625668.jpg 9 35 487 351 2
806185222.jpg 5 110 368 312 1
rural_001.jpg 144 85 153 97 5 32 91 39 99 5
